run name time aigtocnf-Reset aigtocnf-Transition aigtocnf-Safe aigtocnf-Base aigtocnf-Inductive cadical-Reset cadical-Transition cadical-Safe cadical-Base cadical-Inductive lrat-trim-Reset lrat-trim-Transition lrat-trim-Safe lrat-trim-Base lrat-trim-Inductive
log-cadical ric3-93.c 0.934089164 0.013765261 0.014085983 0.013407814 0.013575982 0.013356183 0.027631340 0.014235013 0.013978321 0.013862538 0.403456881 0.013765261 0.014085983 0.013407814 0.013575982 0.013356183 0.027631340 0.014235013 0.013978321 0.013862538 0.403456881 0.013765261 0.014085983 0.013407814 0.013575982 0.013356183 0.027631340 0.014235013 0.013978321 0.013862538 0.403456881
log-cadical ric3-a10-p23 6.535448324 0.191985200 0.363272377 0.279587486 3.665355172 0.118052623 0.013125332 0.156294060 0.089612555 0.202060339 0.201632083 0.191985200 0.363272377 0.279587486 3.665355172 0.118052623 0.013125332 0.156294060 0.089612555 0.202060339 0.201632083 0.191985200 0.363272377 0.279587486 3.665355172 0.118052623 0.013125332 0.156294060 0.089612555 0.202060339 0.201632083
log-cadical ric3-a10-p35 6.555463018 0.186286970 0.363820903 0.281594041 3.647880204 0.119560886 0.013873511 0.158945411 0.089273677 0.204015892 0.201766024 0.186286970 0.363820903 0.281594041 3.647880204 0.119560886 0.013873511 0.158945411 0.089273677 0.204015892 0.201766024 0.186286970 0.363820903 0.281594041 3.647880204 0.119560886 0.013873511 0.158945411 0.089273677 0.204015892 0.201766024
log-cadical ric3-a10-p41 6.535643089 0.186427420 0.360678079 0.278263973 3.660609273 0.118427981 0.013425333 0.156953419 0.090103104 0.203225469 0.203997378 0.186427420 0.360678079 0.278263973 3.660609273 0.118427981 0.013425333 0.156953419 0.090103104 0.203225469 0.203997378 0.186427420 0.360678079 0.278263973 3.660609273 0.118427981 0.013425333 0.156953419 0.090103104 0.203225469 0.203997378
log-cadical ric3-a10-p53 6.606700554 0.187066267 0.361497897 0.279909274 3.671823190 0.121842846 0.014831136 0.156460400 0.092030609 0.204428045 0.237558485 0.187066267 0.361497897 0.279909274 3.671823190 0.121842846 0.014831136 0.156460400 0.092030609 0.204428045 0.237558485 0.187066267 0.361497897 0.279909274 3.671823190 0.121842846 0.014831136 0.156460400 0.092030609 0.204428045 0.237558485
log-cadical ric3-a16-p012 139.242825849 0.048342828 0.015852994 0.050920351 0.158116874 0.084868667 0.106971692 0.102141270 0.180512287 0.141605456 137.802505610 0.048342828 0.015852994 0.050920351 0.158116874 0.084868667 0.106971692 0.102141270 0.180512287 0.141605456 137.802505610 0.048342828 0.015852994 0.050920351 0.158116874 0.084868667 0.106971692 0.102141270 0.180512287 0.141605456 137.802505610
log-cadical ric3-a16-p018 46.668343101 0.038362355 0.030636223 0.047713318 0.186113994 0.056863521 0.070727597 0.073124789 0.111864903 0.098881725 45.465138250 0.038362355 0.030636223 0.047713318 0.186113994 0.056863521 0.070727597 0.073124789 0.111864903 0.098881725 45.465138250 0.038362355 0.030636223 0.047713318 0.186113994 0.056863521 0.070727597 0.073124789 0.111864903 0.098881725 45.465138250
log-cadical ric3-a16-p041 0.686033654 0.013184022 0.013599892 0.019060806 0.162513627 0.013501216 0.013077278 0.013289893 0.013276860 0.014727877 0.071335715 0.013184022 0.013599892 0.019060806 0.162513627 0.013501216 0.013077278 0.013289893 0.013276860 0.014727877 0.071335715 0.013184022 0.013599892 0.019060806 0.162513627 0.013501216 0.013077278 0.013289893 0.013276860 0.014727877 0.071335715
log-cadical ric3-a16-p074 0.670127502 0.013832303 0.013409507 0.018338374 0.151963155 0.013285542 0.013473464 0.013110148 0.013427559 0.014045607 0.066141025 0.013832303 0.013409507 0.018338374 0.151963155 0.013285542 0.013473464 0.013110148 0.013427559 0.014045607 0.066141025 0.013832303 0.013409507 0.018338374 0.151963155 0.013285542 0.013473464 0.013110148 0.013427559 0.014045607 0.066141025
log-cadical ric3-a16-p085 0.665430259 0.013490389 0.013322055 0.018353585 0.150152614 0.013417422 0.013578730 0.013793138 0.013391248 0.014216947 0.064536886 0.013490389 0.013322055 0.018353585 0.150152614 0.013417422 0.013578730 0.013793138 0.013391248 0.014216947 0.064536886 0.013490389 0.013322055 0.018353585 0.150152614 0.013417422 0.013578730 0.013793138 0.013391248 0.014216947 0.064536886
log-cadical ric3-a16-p098 0.677477771 0.013344791 0.013354883 0.018381099 0.150125541 0.013193366 0.013293200 0.014078224 0.013083220 0.014529395 0.076712332 0.013344791 0.013354883 0.018381099 0.150125541 0.013193366 0.013293200 0.014078224 0.013083220 0.014529395 0.076712332 0.013344791 0.013354883 0.018381099 0.150125541 0.013193366 0.013293200 0.014078224 0.013083220 0.014529395 0.076712332
log-cadical ric3-a16-p102 72.425500539 0.024737212 0.016845988 0.029396820 0.151286898 0.035048226 0.036729935 0.045034065 0.063021291 0.055037277 71.566455794 0.024737212 0.016845988 0.029396820 0.151286898 0.035048226 0.036729935 0.045034065 0.063021291 0.055037277 71.566455794 0.024737212 0.016845988 0.029396820 0.151286898 0.035048226 0.036729935 0.045034065 0.063021291 0.055037277 71.566455794
log-cadical ric3-a16-p113 0.637938843 0.013404782 0.014109913 0.018054282 0.161967391 0.013315398 0.013220562 0.013443370 0.013419217 0.013597548 0.016148730 0.013404782 0.014109913 0.018054282 0.161967391 0.013315398 0.013220562 0.013443370 0.013419217 0.013597548 0.016148730 0.013404782 0.014109913 0.018054282 0.161967391 0.013315398 0.013220562 0.013443370 0.013419217 0.013597548 0.016148730
log-cadical ric3-a16-p126 0.655199252 0.013870884 0.013175900 0.018142940 0.149155453 0.013224303 0.013466861 0.014057061 0.013283782 0.013418383 0.056697397 0.013870884 0.013175900 0.018142940 0.149155453 0.013224303 0.013466861 0.014057061 0.013283782 0.013418383 0.056697397 0.013870884 0.013175900 0.018142940 0.149155453 0.013224303 0.013466861 0.014057061 0.013283782 0.013418383 0.056697397
log-cadical ric3-a16-p128 43.779390174 1.301631168 0.127557980 0.105028770 0.259906028 0.301368774 0.818611683 0.044510099 0.071511833 0.047998191 40.138284181 1.301631168 0.127557980 0.105028770 0.259906028 0.301368774 0.818611683 0.044510099 0.071511833 0.047998191 40.138284181 1.301631168 0.127557980 0.105028770 0.259906028 0.301368774 0.818611683 0.044510099 0.071511833 0.047998191 40.138284181
log-cadical ric3-a16-p139 0.673443071 0.014678020 0.016088091 0.019451242 0.151146276 0.013299973 0.013415614 0.013454118 0.013545432 0.013855413 0.067136048 0.014678020 0.016088091 0.019451242 0.151146276 0.013299973 0.013415614 0.013454118 0.013545432 0.013855413 0.067136048 0.014678020 0.016088091 0.019451242 0.151146276 0.013299973 0.013415614 0.013454118 0.013545432 0.013855413 0.067136048
log-cadical ric3-a16-p148 46.137608733 1.296927027 0.549578854 0.035549910 0.156357859 0.048885408 0.030560005 0.040204610 0.061122436 0.044021315 38.635413739 1.296927027 0.549578854 0.035549910 0.156357859 0.048885408 0.030560005 0.040204610 0.061122436 0.044021315 38.635413739 1.296927027 0.549578854 0.035549910 0.156357859 0.048885408 0.030560005 0.040204610 0.061122436 0.044021315 38.635413739
log-cadical ric3-a16-p152 0.652805874 0.013377472 0.013106178 0.017783067 0.151423371 0.013652577 0.013278339 0.013429262 0.013380623 0.014020356 0.056758253 0.013377472 0.013106178 0.017783067 0.151423371 0.013652577 0.013278339 0.013429262 0.013380623 0.014020356 0.056758253 0.013377472 0.013106178 0.017783067 0.151423371 0.013652577 0.013278339 0.013429262 0.013380623 0.014020356 0.056758253
log-cadical ric3-a16-p160 66.802289238 0.025421804 0.017767350 0.030574465 0.173596903 0.035387799 0.045948309 0.060092250 0.109868522 0.053823778 65.822608886 0.025421804 0.017767350 0.030574465 0.173596903 0.035387799 0.045948309 0.060092250 0.109868522 0.053823778 65.822608886 0.025421804 0.017767350 0.030574465 0.173596903 0.035387799 0.045948309 0.060092250 0.109868522 0.053823778 65.822608886
log-cadical ric3-a19-p15 1.254513910 0.024574397 0.030415972 0.049102259 0.595337456 0.018591258 0.013260463 0.021865709 0.013155178 0.036760087 0.037654651 0.024574397 0.030415972 0.049102259 0.595337456 0.018591258 0.013260463 0.021865709 0.013155178 0.036760087 0.037654651 0.024574397 0.030415972 0.049102259 0.595337456 0.018591258 0.013260463 0.021865709 0.013155178 0.036760087 0.037654651
log-cadical ric3-a19-p16 89.125669629 0.255818459 0.032896418 0.277411818 0.505595717 0.537324590 0.648233727 0.622737612 0.831524479 0.907058932 82.655382394 0.255818459 0.032896418 0.277411818 0.505595717 0.537324590 0.648233727 0.622737612 0.831524479 0.907058932 82.655382394 0.255818459 0.032896418 0.277411818 0.505595717 0.537324590 0.648233727 0.622737612 0.831524479 0.907058932 82.655382394
log-cadical ric3-analog_estimation_convergence 0.476036211 0.013580983 0.013257684 0.014320185 0.017523230 0.014135305 0.018713557 0.015805839 0.013659950 0.013580534 0.021559447 0.013580983 0.013257684 0.014320185 0.017523230 0.014135305 0.018713557 0.015805839 0.013659950 0.013580534 0.021559447 0.013580983 0.013257684 0.014320185 0.017523230 0.014135305 0.018713557 0.015805839 0.013659950 0.013580534 0.021559447
log-cadical ric3-bin-suffix-5 0.450228577 0.013370668 0.013290184 0.013407659 0.013358762 0.013577667 0.013232798 0.013412741 0.013497143 0.013554301 0.013319707 0.013370668 0.013290184 0.013407659 0.013358762 0.013577667 0.013232798 0.013412741 0.013497143 0.013554301 0.013319707 0.013370668 0.013290184 0.013407659 0.013358762 0.013577667 0.013232798 0.013412741 0.013497143 0.013554301 0.013319707
log-cadical ric3-brp2.3.prop2-func-interl 0.712340426 0.013334414 0.013430199 0.013434804 0.030908862 0.013418261 0.013415707 0.014628437 0.020446792 0.013423750 0.085910143 0.013334414 0.013430199 0.013434804 0.030908862 0.013418261 0.013415707 0.014628437 0.020446792 0.013423750 0.085910143 0.013334414 0.013430199 0.013434804 0.030908862 0.013418261 0.013415707 0.014628437 0.020446792 0.013423750 0.085910143
log-cadical ric3-byte_add_1-1 0.939909658 0.013234585 0.013162537 0.013186345 0.043210164 0.013531570 0.013412352 0.013251636 0.015635683 0.015489057 0.445200759 0.013234585 0.013162537 0.013186345 0.043210164 0.013531570 0.013412352 0.013251636 0.015635683 0.015489057 0.445200759 0.013234585 0.013162537 0.013186345 0.043210164 0.013531570 0.013412352 0.013251636 0.015635683 0.015489057 0.445200759
log-cadical ric3-cal178 0.455900367 0.013182003 0.013453290 0.013590772 0.022910520 0.016802864 0.017554195 0.013646099 0.014237958 0.015322696 0.013400585 0.013182003 0.013453290 0.013590772 0.022910520 0.016802864 0.017554195 0.013646099 0.014237958 0.015322696 0.013400585 0.013182003 0.013453290 0.013590772 0.022910520 0.016802864 0.017554195 0.013646099 0.014237958 0.015322696 0.013400585
log-cadical ric3-cal182 2.359784580 0.032439903 0.019128610 0.086097998 1.180645219 0.027917774 0.013912038 0.033539500 0.013953788 0.059329214 0.416085466 0.032439903 0.019128610 0.086097998 1.180645219 0.027917774 0.013912038 0.033539500 0.013953788 0.059329214 0.416085466 0.032439903 0.019128610 0.086097998 1.180645219 0.027917774 0.013912038 0.033539500 0.013953788 0.059329214 0.416085466
log-cadical ric3-cal27 0.558309848 0.036510030 0.017828179 0.013645053 0.050878949 0.013757789 0.015531997 0.013164831 0.013363862 0.013089623 0.055180187 0.036510030 0.017828179 0.013645053 0.050878949 0.013757789 0.015531997 0.013164831 0.013363862 0.013089623 0.055180187 0.036510030 0.017828179 0.013645053 0.050878949 0.013757789 0.015531997 0.013164831 0.013363862 0.013089623 0.055180187
log-cadical ric3-cal41 0.451404094 0.013657862 0.014767872 0.013467788 0.017155802 0.013669661 0.016852306 0.013329976 0.013296183 0.013359865 0.018073288 0.013657862 0.014767872 0.013467788 0.017155802 0.013669661 0.016852306 0.013329976 0.013296183 0.013359865 0.018073288 0.013657862 0.014767872 0.013467788 0.017155802 0.013669661 0.016852306 0.013329976 0.013296183 0.013359865 0.018073288
log-cadical ric3-cal75 0.468336092 0.013290610 0.013698514 0.013151801 0.026236173 0.013590766 0.013453497 0.013588375 0.013362289 0.013149857 0.021296337 0.013290610 0.013698514 0.013151801 0.026236173 0.013590766 0.013453497 0.013588375 0.013362289 0.013149857 0.021296337 0.013290610 0.013698514 0.013151801 0.026236173 0.013590766 0.013453497 0.013588375 0.013362289 0.013149857 0.021296337
log-cadical ric3-cal97 2.127167611 0.013383660 0.013277439 0.033395454 0.190617713 0.014249093 0.814312469 0.016355422 0.045456761 0.021093486 0.605984558 0.013383660 0.013277439 0.033395454 0.190617713 0.014249093 0.814312469 0.016355422 0.045456761 0.021093486 0.605984558 0.013383660 0.013277439 0.033395454 0.190617713 0.014249093 0.814312469 0.016355422 0.045456761 0.021093486 0.605984558
log-cadical ric3-cancel_var_through_overflow 0.628571478 0.013497499 0.013464097 0.013241421 0.018642163 0.013202466 0.013779211 0.013585747 0.014271410 0.013538272 0.189788452 0.013497499 0.013464097 0.013241421 0.018642163 0.013202466 0.013779211 0.013585747 0.014271410 0.013538272 0.189788452 0.013497499 0.013464097 0.013241421 0.018642163 0.013202466 0.013779211 0.013585747 0.014271410 0.013538272 0.189788452
log-cadical ric3-counter_bit_width_large 1.578730678 0.014510908 0.013146723 0.014148160 0.020916905 0.017303393 0.048302863 0.015407412 0.023274367 0.019551698 0.997390137 0.014510908 0.013146723 0.014148160 0.020916905 0.017303393 0.048302863 0.015407412 0.023274367 0.019551698 0.997390137 0.014510908 0.013146723 0.014148160 0.020916905 0.017303393 0.048302863 0.015407412 0.023274367 0.019551698 0.997390137
log-cadical ric3-dspfilters_fastfir_second-p06 16.624102510 0.048103692 0.087484295 0.061319990 0.754857237 0.080846997 0.819684915 0.092491773 0.160807888 0.126655554 13.738156917 0.048103692 0.087484295 0.061319990 0.754857237 0.080846997 0.819684915 0.092491773 0.160807888 0.126655554 13.738156917 0.048103692 0.087484295 0.061319990 0.754857237 0.080846997 0.819684915 0.092491773 0.160807888 0.126655554 13.738156917
log-cadical ric3-dspfilters_fastfir_second-p24 1.560132562 0.024105138 0.087644999 0.036914570 0.820759147 0.023022962 0.034778471 0.040788454 0.038531955 0.038006099 0.036361074 0.024105138 0.087644999 0.036914570 0.820759147 0.023022962 0.034778471 0.040788454 0.038531955 0.038006099 0.036361074 0.024105138 0.087644999 0.036914570 0.820759147 0.023022962 0.034778471 0.040788454 0.038531955 0.038006099 0.036361074
log-cadical ric3-elevator.3.prop1-back-serstep 0.502638218 0.013234378 0.013608185 0.013124265 0.048224269 0.013520584 0.013512100 0.013156239 0.013483912 0.013310833 0.046299036 0.013234378 0.013608185 0.013124265 0.048224269 0.013520584 0.013512100 0.013156239 0.013483912 0.013310833 0.046299036 0.013234378 0.013608185 0.013124265 0.048224269 0.013520584 0.013512100 0.013156239 0.013483912 0.013310833 0.046299036
log-cadical ric3-elevator_spec1_product19.cil 7.395213264 0.051998518 0.024807362 0.175181544 3.065228254 0.049602714 0.013510184 0.056448204 0.020312597 0.118654269 2.897056824 0.051998518 0.024807362 0.175181544 3.065228254 0.049602714 0.013510184 0.056448204 0.020312597 0.118654269 2.897056824 0.051998518 0.024807362 0.175181544 3.065228254 0.049602714 0.013510184 0.056448204 0.020312597 0.118654269 2.897056824
log-cadical ric3-fib_30 0.629408249 0.014837757 0.023365660 0.014519465 0.014217258 0.023984435 0.022493670 0.014867226 0.019502657 0.013616081 0.023971325 0.014837757 0.023365660 0.014519465 0.014217258 0.023984435 0.022493670 0.014867226 0.019502657 0.013616081 0.023971325 0.014837757 0.023365660 0.014519465 0.014217258 0.023984435 0.022493670 0.014867226 0.019502657 0.013616081 0.023971325
log-cadical ric3-fib_37 0.506198147 0.013753633 0.013987787 0.014066308 0.015039878 0.014186952 0.014441701 0.013914705 0.014067090 0.016632127 0.026675886 0.013753633 0.013987787 0.014066308 0.015039878 0.014186952 0.014441701 0.013914705 0.014067090 0.016632127 0.026675886 0.013753633 0.013987787 0.014066308 0.015039878 0.014186952 0.014441701 0.013914705 0.014067090 0.016632127 0.026675886
log-cadical ric3-float8 0.888731436 0.013606402 0.013490178 0.013112928 0.085531423 0.013282013 0.013292337 0.013268805 0.013301697 0.013338577 0.359565206 0.013606402 0.013490178 0.013112928 0.085531423 0.013282013 0.013292337 0.013268805 0.013301697 0.013338577 0.359565206 0.013606402 0.013490178 0.013112928 0.085531423 0.013282013 0.013292337 0.013268805 0.013301697 0.013338577 0.359565206
log-cadical ric3-float_req_bl_1071 0.446842332 0.013293114 0.013221556 0.013286279 0.020131206 0.013484006 0.013473881 0.013811544 0.013157387 0.013132605 0.013301746 0.013293114 0.013221556 0.013286279 0.020131206 0.013484006 0.013473881 0.013811544 0.013157387 0.013132605 0.013301746 0.013293114 0.013221556 0.013286279 0.020131206 0.013484006 0.013473881 0.013811544 0.013157387 0.013132605 0.013301746
log-cadical ric3-float_req_bl_1092a 0.470053732 0.014201894 0.013016069 0.013189790 0.037452224 0.013100108 0.013338870 0.013218593 0.013439321 0.013437237 0.013326212 0.014201894 0.013016069 0.013189790 0.037452224 0.013100108 0.013338870 0.013218593 0.013439321 0.013437237 0.013326212 0.014201894 0.013016069 0.013189790 0.037452224 0.013100108 0.013338870 0.013218593 0.013439321 0.013437237 0.013326212
log-cadical ric3-freire1_valuebound1 2.540780023 0.016616923 0.028104238 0.051687617 0.688755001 0.015685592 0.013676361 0.016504291 0.013774044 0.035690143 1.247883657 0.016616923 0.028104238 0.051687617 0.688755001 0.015685592 0.013676361 0.016504291 0.013774044 0.035690143 1.247883657 0.016616923 0.028104238 0.051687617 0.688755001 0.015685592 0.013676361 0.016504291 0.013774044 0.035690143 1.247883657
log-cadical ric3-gauss_sum.i.p+lhb-reducer 6.061408444 0.020591098 0.018058896 0.024317593 0.082548338 0.030521544 0.040648419 0.031445625 0.052646263 0.042977164 5.299572716 0.020591098 0.018058896 0.024317593 0.082548338 0.030521544 0.040648419 0.031445625 0.052646263 0.042977164 5.299572716 0.020591098 0.018058896 0.024317593 0.082548338 0.030521544 0.040648419 0.031445625 0.052646263 0.042977164 5.299572716
log-cadical ric3-gcd 1.448903282 0.014497234 0.013848690 0.013651054 0.013679193 0.014001298 0.040265606 0.014637794 0.019108797 0.014859869 0.949165206 0.014497234 0.013848690 0.013651054 0.013679193 0.014001298 0.040265606 0.014637794 0.019108797 0.014859869 0.949165206 0.014497234 0.013848690 0.013651054 0.013679193 0.014001298 0.040265606 0.014637794 0.019108797 0.014859869 0.949165206
log-cadical ric3-gen102 0.583964741 0.014163029 0.016881138 0.014131422 0.056143019 0.013787501 0.036621605 0.013775584 0.013532012 0.013370887 0.079031942 0.014163029 0.016881138 0.014131422 0.056143019 0.013787501 0.036621605 0.013775584 0.013532012 0.013370887 0.079031942 0.014163029 0.016881138 0.014131422 0.056143019 0.013787501 0.036621605 0.013775584 0.013532012 0.013370887 0.079031942
log-cadical ric3-gen103 0.605047657 0.018652093 0.014465886 0.013380544 0.055480011 0.013798883 0.021261837 0.013743506 0.014226054 0.013050064 0.116462511 0.018652093 0.014465886 0.013380544 0.055480011 0.013798883 0.021261837 0.013743506 0.014226054 0.013050064 0.116462511 0.018652093 0.014465886 0.013380544 0.055480011 0.013798883 0.021261837 0.013743506 0.014226054 0.013050064 0.116462511
log-cadical ric3-gen112 0.580176947 0.013545759 0.013418786 0.014439912 0.060125327 0.014290705 0.037181682 0.013323914 0.013571287 0.013109862 0.078584743 0.013545759 0.013418786 0.014439912 0.060125327 0.014290705 0.037181682 0.013323914 0.013571287 0.013109862 0.078584743 0.013545759 0.013418786 0.014439912 0.060125327 0.014290705 0.037181682 0.013323914 0.013571287 0.013109862 0.078584743
log-cadical ric3-gen45 0.529647157 0.013898269 0.018537340 0.013646240 0.022200771 0.013768203 0.023891732 0.018979338 0.013363525 0.014234824 0.061460251 0.013898269 0.018537340 0.013646240 0.022200771 0.013768203 0.023891732 0.018979338 0.013363525 0.014234824 0.061460251 0.013898269 0.018537340 0.013646240 0.022200771 0.013768203 0.023891732 0.018979338 0.013363525 0.014234824 0.061460251
log-cadical ric3-gen53 0.634235655 0.013526730 0.013927468 0.013671457 0.077777677 0.016010620 0.023625219 0.013095808 0.013302148 0.014013910 0.108568129 0.013526730 0.013927468 0.013671457 0.077777677 0.016010620 0.023625219 0.013095808 0.013302148 0.014013910 0.108568129 0.013526730 0.013927468 0.013671457 0.077777677 0.016010620 0.023625219 0.013095808 0.013302148 0.014013910 0.108568129
log-cadical ric3-h_Arbiter 0.479517701 0.013609480 0.015534233 0.017992031 0.029128840 0.013746994 0.015712425 0.013507691 0.018792395 0.013241276 0.013554400 0.013609480 0.015534233 0.017992031 0.029128840 0.013746994 0.015712425 0.013507691 0.018792395 0.013241276 0.013554400 0.013609480 0.015534233 0.017992031 0.029128840 0.013746994 0.015712425 0.013507691 0.018792395 0.013241276 0.013554400
log-cadical ric3-hard-ll_valuebound20 1.905098104 0.014270681 0.013312690 0.049246920 0.691878647 0.014762272 0.013139657 0.015941467 0.013613490 0.033458913 0.651278935 0.014270681 0.013312690 0.049246920 0.691878647 0.014762272 0.013139657 0.015941467 0.013613490 0.033458913 0.651278935 0.014270681 0.013312690 0.049246920 0.691878647 0.014762272 0.013139657 0.015941467 0.013613490 0.033458913 0.651278935
log-cadical ric3-ILA_AES_START_ENCRYPT_problem 0.711943110 0.018981510 0.023305888 0.022779806 0.171403767 0.013602073 0.013570751 0.013830806 0.013322984 0.013504458 0.052450101 0.018981510 0.023305888 0.022779806 0.171403767 0.013602073 0.013570751 0.013830806 0.013322984 0.013504458 0.052450101 0.018981510 0.023305888 0.022779806 0.171403767 0.013602073 0.013570751 0.013830806 0.013322984 0.013504458 0.052450101
log-cadical ric3-ILA_Piccolo_BEQ_sanity 9.426899739 0.067366743 0.252433892 0.101037593 7.467113549 0.053729183 0.041129404 0.055862808 0.046183139 0.073794939 0.670088173 0.067366743 0.252433892 0.101037593 7.467113549 0.053729183 0.041129404 0.055862808 0.046183139 0.073794939 0.670088173 0.067366743 0.252433892 0.101037593 7.467113549 0.053729183 0.041129404 0.055862808 0.046183139 0.073794939 0.670088173
log-cadical ric3-ILA_Piccolo_BGEU_sanity 8.473817984 0.065247170 0.260331402 0.099875978 6.550544991 0.053857403 0.040462656 0.055311461 0.045131297 0.073198992 0.655916688 0.065247170 0.260331402 0.099875978 6.550544991 0.053857403 0.040462656 0.055311461 0.045131297 0.073198992 0.655916688 0.065247170 0.260331402 0.099875978 6.550544991 0.053857403 0.040462656 0.055311461 0.045131297 0.073198992 0.655916688
log-cadical ric3-ILA_Piccolo_JALR_sanity 7.902107417 0.066670568 0.255035382 0.100026334 5.975947403 0.053661005 0.040043711 0.055251557 0.043448538 0.072769569 0.646334693 0.066670568 0.255035382 0.100026334 5.975947403 0.053661005 0.040043711 0.055251557 0.043448538 0.072769569 0.646334693 0.066670568 0.255035382 0.100026334 5.975947403 0.053661005 0.040043711 0.055251557 0.043448538 0.072769569 0.646334693
log-cadical ric3-ILA_Piccolo_SRLI_sanity 8.517015452 0.064773640 0.275434378 0.115566136 6.490692499 0.056657658 0.048960970 0.056344213 0.048885250 0.075168849 0.650231782 0.064773640 0.275434378 0.115566136 6.490692499 0.056657658 0.048960970 0.056344213 0.048885250 0.075168849 0.650231782 0.064773640 0.275434378 0.115566136 6.490692499 0.056657658 0.048960970 0.056344213 0.048885250 0.075168849 0.650231782
log-cadical ric3-kalman_bit_width_small 5.464403632 0.013922964 0.013455561 0.014397914 0.014021757 0.023628355 0.111312831 0.036255138 0.056099138 0.037294482 4.692709764 0.013922964 0.013455561 0.014397914 0.014021757 0.023628355 0.111312831 0.036255138 0.056099138 0.037294482 4.692709764 0.013922964 0.013455561 0.014397914 0.014021757 0.023628355 0.111312831 0.036255138 0.056099138 0.037294482 4.692709764
log-cadical ric3-minepump_spec1_product14.cil 0.581209569 0.013269340 0.013181450 0.013198441 0.082185311 0.013159538 0.013189850 0.016755628 0.014070100 0.013216653 0.054451919 0.013269340 0.013181450 0.013198441 0.082185311 0.013159538 0.013189850 0.016755628 0.014070100 0.013216653 0.054451919 0.013269340 0.013181450 0.013198441 0.082185311 0.013159538 0.013189850 0.016755628 0.014070100 0.013216653 0.054451919
log-cadical ric3-minepump_spec2_product07.cil 0.603472600 0.013547268 0.013843096 0.014033703 0.087994885 0.013490793 0.013320772 0.013873230 0.013269781 0.013227858 0.081900431 0.013547268 0.013843096 0.014033703 0.087994885 0.013490793 0.013320772 0.013873230 0.013269781 0.013227858 0.081900431 0.013547268 0.013843096 0.014033703 0.087994885 0.013490793 0.013320772 0.013873230 0.013269781 0.013227858 0.081900431
log-cadical ric3-minepump_spec2_product54.cil 0.888048416 0.013329914 0.013187281 0.025016907 0.239911913 0.013195431 0.013493647 0.013461871 0.013296564 0.018253789 0.112621872 0.013329914 0.013187281 0.025016907 0.239911913 0.013195431 0.013493647 0.013461871 0.013296564 0.018253789 0.112621872 0.013329914 0.013187281 0.025016907 0.239911913 0.013195431 0.013493647 0.013461871 0.013296564 0.018253789 0.112621872
log-cadical ric3-minepump_spec3_product45.cil 0.693146737 0.013171875 0.013186509 0.018133737 0.144853900 0.013641495 0.013422599 0.013145137 0.013101145 0.013239386 0.079670585 0.013171875 0.013186509 0.018133737 0.144853900 0.013641495 0.013422599 0.013145137 0.013101145 0.013239386 0.079670585 0.013171875 0.013186509 0.018133737 0.144853900 0.013641495 0.013422599 0.013145137 0.013101145 0.013239386 0.079670585
log-cadical ric3-minepump_spec4_product16.cil 0.575479090 0.013429166 0.013338649 0.013137473 0.086801957 0.013500933 0.013342241 0.013293446 0.013094679 0.013455896 0.058190256 0.013429166 0.013338649 0.013137473 0.086801957 0.013500933 0.013342241 0.013293446 0.013094679 0.013455896 0.058190256 0.013429166 0.013338649 0.013137473 0.086801957 0.013500933 0.013342241 0.013293446 0.013094679 0.013455896 0.058190256
log-cadical ric3-mod3.c.v+sep-reducer 1.457337802 0.013164321 0.013070896 0.016118991 0.072875719 0.015786672 0.016532792 0.019347257 0.022619275 0.025640609 0.866990643 0.013164321 0.013070896 0.016118991 0.072875719 0.015786672 0.016532792 0.019347257 0.022619275 0.025640609 0.866990643 0.013164321 0.013070896 0.016118991 0.072875719 0.015786672 0.016532792 0.019347257 0.022619275 0.025640609 0.866990643
log-cadical ric3-pc_sfifo_3.cil+token_ring.04.cil-1 2.743249246 0.020739665 0.019015830 0.047155705 0.533722919 0.018302555 0.014306162 0.021382291 0.015257791 0.036349221 1.575625133 0.020739665 0.019015830 0.047155705 0.533722919 0.018302555 0.014306162 0.021382291 0.015257791 0.036349221 1.575625133 0.020739665 0.019015830 0.047155705 0.533722919 0.018302555 0.014306162 0.021382291 0.015257791 0.036349221 1.575625133
log-cadical ric3-picorv32-check-p09 0.827628511 0.019103635 0.028164843 0.058909653 0.195341965 0.016977683 0.015710015 0.013687650 0.014661631 0.017881302 0.069599742 0.019103635 0.028164843 0.058909653 0.195341965 0.016977683 0.015710015 0.013687650 0.014661631 0.017881302 0.069599742 0.019103635 0.028164843 0.058909653 0.195341965 0.016977683 0.015710015 0.013687650 0.014661631 0.017881302 0.069599742
log-cadical ric3-Problem02_label10 0.581720833 0.013249033 0.013218223 0.013918546 0.073528231 0.014047187 0.013468100 0.013061171 0.013517470 0.013665593 0.078640819 0.013249033 0.013218223 0.013918546 0.073528231 0.014047187 0.013468100 0.013061171 0.013517470 0.013665593 0.078640819 0.013249033 0.013218223 0.013918546 0.073528231 0.014047187 0.013468100 0.013061171 0.013517470 0.013665593 0.078640819
log-cadical ric3-Problem03_label51 1.390725476 0.014193006 0.014531807 0.035157221 0.371857593 0.019443056 0.014125406 0.014777834 0.013436098 0.025456619 0.476154921 0.014193006 0.014531807 0.035157221 0.371857593 0.019443056 0.014125406 0.014777834 0.013436098 0.025456619 0.476154921 0.014193006 0.014531807 0.035157221 0.371857593 0.019443056 0.014125406 0.014777834 0.013436098 0.025456619 0.476154921
log-cadical ric3-Problem06_label40 7.259554863 0.032917849 0.014523141 0.146113068 2.688706486 0.031163320 0.013600797 0.032044867 0.013186622 0.091958938 3.583041415 0.032917849 0.014523141 0.146113068 2.688706486 0.031163320 0.013600797 0.032044867 0.013186622 0.091958938 3.583041415 0.032917849 0.014523141 0.146113068 2.688706486 0.031163320 0.013600797 0.032044867 0.013186622 0.091958938 3.583041415
log-cadical ric3-Problem06_label53 7.789370400 0.033470955 0.014115000 0.153423545 2.652042978 0.029579795 0.013333855 0.033455155 0.013771016 0.092308588 4.171284034 0.033470955 0.014115000 0.153423545 2.652042978 0.029579795 0.013333855 0.033455155 0.013771016 0.092308588 4.171284034 0.033470955 0.014115000 0.153423545 2.652042978 0.029579795 0.013333855 0.033455155 0.013771016 0.092308588 4.171284034
log-cadical ric3-Problem07_label01 58.820400622 0.195309986 0.013978875 6.313950304 32.350489810 0.197859855 0.014418221 0.200784278 0.014390447 0.730854038 16.491568938 0.195309986 0.013978875 6.313950304 32.350489810 0.197859855 0.014418221 0.200784278 0.014390447 0.730854038 16.491568938 0.195309986 0.013978875 6.313950304 32.350489810 0.197859855 0.014418221 0.200784278 0.014390447 0.730854038 16.491568938
log-cadical ric3-Problem10_label07 3.532974376 0.028310101 0.013295480 0.117570240 1.980966373 0.026962859 0.013040031 0.027920608 0.013296007 0.073978268 0.698006628 0.028310101 0.013295480 0.117570240 1.980966373 0.026962859 0.013040031 0.027920608 0.013296007 0.073978268 0.698006628 0.028310101 0.013295480 0.117570240 1.980966373 0.026962859 0.013040031 0.027920608 0.013296007 0.073978268 0.698006628
log-cadical ric3-Problem10_label08 3.595136837 0.028118242 0.013712928 0.122396271 1.960193950 0.027168158 0.013317221 0.028728194 0.013636548 0.071718844 0.721545389 0.028118242 0.013712928 0.122396271 1.960193950 0.027168158 0.013317221 0.028728194 0.013636548 0.071718844 0.721545389 0.028118242 0.013712928 0.122396271 1.960193950 0.027168158 0.013317221 0.028728194 0.013636548 0.071718844 0.721545389
log-cadical ric3-Problem16_label07 9.312208783 0.061134568 0.013926470 0.287401998 5.376574768 0.061506748 0.013642548 0.063513008 0.013534503 0.173350774 2.385149522 0.061134568 0.013926470 0.287401998 5.376574768 0.061506748 0.013642548 0.063513008 0.013534503 0.173350774 2.385149522 0.061134568 0.013926470 0.287401998 5.376574768 0.061506748 0.013642548 0.063513008 0.013534503 0.173350774 2.385149522
log-cadical ric3-processed_hl_arr_access_128_bv 5.715429758 0.028233211 0.024554690 0.035369883 0.138101109 0.037944931 0.042168527 0.045755468 0.072974557 0.067553679 4.741606418 0.028233211 0.024554690 0.035369883 0.138101109 0.037944931 0.042168527 0.045755468 0.072974557 0.067553679 4.741606418 0.028233211 0.024554690 0.035369883 0.138101109 0.037944931 0.042168527 0.045755468 0.072974557 0.067553679 4.741606418
log-cadical ric3-psyco_io_1 0.554556497 0.013436042 0.014001657 0.013507954 0.060476075 0.013301829 0.014439426 0.013214109 0.013396478 0.014410479 0.053069755 0.013436042 0.014001657 0.013507954 0.060476075 0.013301829 0.014439426 0.013214109 0.013396478 0.014410479 0.053069755 0.013436042 0.014001657 0.013507954 0.060476075 0.013301829 0.014439426 0.013214109 0.013396478 0.014410479 0.053069755
log-cadical ric3-qspiflash_dualflexpress_divfive-p020 0.583503493 0.029366823 0.019341944 0.013154993 0.050270940 0.013661079 0.013659157 0.021161603 0.031983278 0.013717084 0.042817444 0.029366823 0.019341944 0.013154993 0.050270940 0.013661079 0.013659157 0.021161603 0.031983278 0.013717084 0.042817444 0.029366823 0.019341944 0.013154993 0.050270940 0.013661079 0.013659157 0.021161603 0.031983278 0.013717084 0.042817444
log-cadical ric3-qspiflash_dualflexpress_divfive-p027 2.098963202 0.014510918 0.013693275 0.013520910 0.048066440 0.030268164 0.034115626 0.029958737 0.026014152 0.023145670 1.410470125 0.014510918 0.013693275 0.013520910 0.048066440 0.030268164 0.034115626 0.029958737 0.026014152 0.023145670 1.410470125 0.014510918 0.013693275 0.013520910 0.048066440 0.030268164 0.034115626 0.029958737 0.026014152 0.023145670 1.410470125
log-cadical ric3-qspiflash_dualflexpress_divfive-p040 0.541988434 0.013305862 0.013924878 0.013546277 0.051007559 0.015048790 0.013749482 0.016079904 0.013562688 0.020258761 0.030682962 0.013305862 0.013924878 0.013546277 0.051007559 0.015048790 0.013749482 0.016079904 0.013562688 0.020258761 0.030682962 0.013305862 0.013924878 0.013546277 0.051007559 0.015048790 0.013749482 0.016079904 0.013562688 0.020258761 0.030682962
log-cadical ric3-qspiflash_dualflexpress_divfive-p063 0.717481745 0.025678321 0.026001131 0.014007680 0.056621630 0.024514762 0.062726331 0.014778924 0.013559931 0.013835511 0.078929875 0.025678321 0.026001131 0.014007680 0.056621630 0.024514762 0.062726331 0.014778924 0.013559931 0.013835511 0.078929875 0.025678321 0.026001131 0.014007680 0.056621630 0.024514762 0.062726331 0.014778924 0.013559931 0.013835511 0.078929875
log-cadical ric3-qspiflash_dualflexpress_divfive-p114 0.818788242 0.013551822 0.014644898 0.014163410 0.047002989 0.013575558 0.013695522 0.013913776 0.013483157 0.016050875 0.318472265 0.013551822 0.014644898 0.014163410 0.047002989 0.013575558 0.013695522 0.013913776 0.013483157 0.016050875 0.318472265 0.013551822 0.014644898 0.014163410 0.047002989 0.013575558 0.013695522 0.013913776 0.013483157 0.016050875 0.318472265
log-cadical ric3-qspiflash_dualflexpress_divfive-p162 0.782739852 0.061465902 0.013727274 0.023580733 0.085334880 0.013538750 0.023597604 0.021516442 0.031668502 0.030015139 0.085326445 0.061465902 0.013727274 0.023580733 0.085334880 0.013538750 0.023597604 0.021516442 0.031668502 0.030015139 0.085326445 0.061465902 0.013727274 0.023580733 0.085334880 0.013538750 0.023597604 0.021516442 0.031668502 0.030015139 0.085326445
log-cadical ric3-qspiflash_dualflexpress_divthree-p050 0.545125400 0.013684611 0.014047681 0.013464532 0.055120347 0.013648565 0.013596579 0.013403191 0.013516825 0.013201283 0.031151555 0.013684611 0.014047681 0.013464532 0.055120347 0.013648565 0.013596579 0.013403191 0.013516825 0.013201283 0.031151555 0.013684611 0.014047681 0.013464532 0.055120347 0.013648565 0.013596579 0.013403191 0.013516825 0.013201283 0.031151555
log-cadical ric3-qspiflash_dualflexpress_divthree-p061 0.595433101 0.014103477 0.013638052 0.018857957 0.109497255 0.013636232 0.016317960 0.013939880 0.013883844 0.019857183 0.034590663 0.014103477 0.013638052 0.018857957 0.109497255 0.013636232 0.016317960 0.013939880 0.013883844 0.019857183 0.034590663 0.014103477 0.013638052 0.018857957 0.109497255 0.013636232 0.016317960 0.013939880 0.013883844 0.019857183 0.034590663
log-cadical ric3-qspiflash_dualflexpress_divthree-p119 0.646193504 0.013856469 0.015224705 0.014642156 0.053707930 0.013689910 0.013705582 0.013822017 0.013835159 0.013942901 0.044981198 0.013856469 0.015224705 0.014642156 0.053707930 0.013689910 0.013705582 0.013822017 0.013835159 0.013942901 0.044981198 0.013856469 0.015224705 0.014642156 0.053707930 0.013689910 0.013705582 0.013822017 0.013835159 0.013942901 0.044981198
log-cadical ric3-qspiflash_dualflexpress_divthree-p127 0.589556237 0.013479180 0.013376898 0.014031463 0.048596299 0.013916947 0.013624992 0.013469172 0.013944338 0.013312061 0.118528882 0.013479180 0.013376898 0.014031463 0.048596299 0.013916947 0.013624992 0.013469172 0.013944338 0.013312061 0.118528882 0.013479180 0.013376898 0.014031463 0.048596299 0.013916947 0.013624992 0.013469172 0.013944338 0.013312061 0.118528882
log-cadical ric3-qspiflash_dualflexpress_divthree-p132 0.518467819 0.013453155 0.017162384 0.013693590 0.047850245 0.014513540 0.013490178 0.013748061 0.014799497 0.014030123 0.026898523 0.013453155 0.017162384 0.013693590 0.047850245 0.014513540 0.013490178 0.013748061 0.014799497 0.014030123 0.026898523 0.013453155 0.017162384 0.013693590 0.047850245 0.014513540 0.013490178 0.013748061 0.014799497 0.014030123 0.026898523
log-cadical ric3-qspiflash_dualflexpress_divthree-p160 0.551096730 0.013612800 0.013625263 0.014801485 0.047480896 0.013557499 0.013700806 0.019562073 0.016607419 0.018673817 0.048332999 0.013612800 0.013625263 0.014801485 0.047480896 0.013557499 0.013700806 0.019562073 0.016607419 0.018673817 0.048332999 0.013612800 0.013625263 0.014801485 0.047480896 0.013557499 0.013700806 0.019562073 0.016607419 0.018673817 0.048332999
log-cadical ric3-qspiflash_qflexpress_divfive-p025 0.500259322 0.013714513 0.013321484 0.014415939 0.040201621 0.013534550 0.013581387 0.014139503 0.013225430 0.013538174 0.013529092 0.013714513 0.013321484 0.014415939 0.040201621 0.013534550 0.013581387 0.014139503 0.013225430 0.013538174 0.013529092 0.013714513 0.013321484 0.014415939 0.040201621 0.013534550 0.013581387 0.014139503 0.013225430 0.013538174 0.013529092
log-cadical ric3-qspiflash_qflexpress_divfive-p088 0.563547015 0.015992060 0.020753527 0.018475037 0.062962529 0.015503125 0.016753355 0.013376504 0.013351639 0.014349203 0.045257405 0.015992060 0.020753527 0.018475037 0.062962529 0.015503125 0.016753355 0.013376504 0.013351639 0.014349203 0.045257405 0.015992060 0.020753527 0.018475037 0.062962529 0.015503125 0.016753355 0.013376504 0.013351639 0.014349203 0.045257405
log-cadical ric3-qspiflash_qflexpress_divfive-p093 0.626924308 0.014316469 0.013632192 0.013293203 0.039985888 0.013777074 0.013907607 0.046831898 0.014411229 0.014583300 0.034275872 0.014316469 0.013632192 0.013293203 0.039985888 0.013777074 0.013907607 0.046831898 0.014411229 0.014583300 0.034275872 0.014316469 0.013632192 0.013293203 0.039985888 0.013777074 0.013907607 0.046831898 0.014411229 0.014583300 0.034275872
log-cadical ric3-qspiflash_qflexpress_divfive-p112 0.488141038 0.013441709 0.013755854 0.014275157 0.039392235 0.013582569 0.013604454 0.013405863 0.013303451 0.013713242 0.028127398 0.013441709 0.013755854 0.014275157 0.039392235 0.013582569 0.013604454 0.013405863 0.013303451 0.013713242 0.028127398 0.013441709 0.013755854 0.014275157 0.039392235 0.013582569 0.013604454 0.013405863 0.013303451 0.013713242 0.028127398
log-cadical ric3-qspiflash_qflexpress_divfive-p131 0.506495906 0.013426832 0.013432799 0.014984856 0.045191923 0.013449093 0.013342790 0.013136898 0.019011398 0.014143481 0.037712282 0.013426832 0.013432799 0.014984856 0.045191923 0.013449093 0.013342790 0.013136898 0.019011398 0.014143481 0.037712282 0.013426832 0.013432799 0.014984856 0.045191923 0.013449093 0.013342790 0.013136898 0.019011398 0.014143481 0.037712282
log-cadical ric3-rast-p10 1.710841725 0.021429504 0.017970374 0.058099156 1.023252574 0.018419515 0.013623778 0.021395136 0.013336421 0.040148082 0.054732232 0.021429504 0.017970374 0.058099156 1.023252574 0.018419515 0.013623778 0.021395136 0.013336421 0.040148082 0.054732232 0.021429504 0.017970374 0.058099156 1.023252574 0.018419515 0.013623778 0.021395136 0.013336421 0.040148082 0.054732232
log-cadical ric3-rocket_1951 14.020399215 0.338216875 0.630085586 0.505308122 6.965317227 0.211241061 0.013238991 0.273974817 0.163520824 0.364765480 2.487369628 0.338216875 0.630085586 0.505308122 6.965317227 0.211241061 0.013238991 0.273974817 0.163520824 0.364765480 2.487369628 0.338216875 0.630085586 0.505308122 6.965317227 0.211241061 0.013238991 0.273974817 0.163520824 0.364765480 2.487369628
log-cadical ric3-rocket_1961 14.321780662 0.335618195 0.636522571 0.503458317 6.994703055 0.210982645 0.013155574 0.278105933 0.179683134 0.366970434 2.775144354 0.335618195 0.636522571 0.503458317 6.994703055 0.210982645 0.013155574 0.278105933 0.179683134 0.366970434 2.775144354 0.335618195 0.636522571 0.503458317 6.994703055 0.210982645 0.013155574 0.278105933 0.179683134 0.366970434 2.775144354
log-cadical ric3-rocket_2067 68.904243951 0.449917656 0.829314504 0.614453190 7.062818306 0.426927067 0.477021579 0.565086993 0.815448412 0.795234313 54.083985619 0.449917656 0.829314504 0.614453190 7.062818306 0.426927067 0.477021579 0.565086993 0.815448412 0.795234313 54.083985619 0.449917656 0.829314504 0.614453190 7.062818306 0.426927067 0.477021579 0.565086993 0.815448412 0.795234313 54.083985619
log-cadical ric3-s3_srvr_1b.cil 0.462196062 0.014148829 0.013227270 0.013447685 0.019081387 0.013356745 0.013362173 0.013277365 0.013615783 0.013120874 0.022185337 0.014148829 0.013227270 0.013447685 0.019081387 0.013356745 0.013362173 0.013277365 0.013615783 0.013120874 0.022185337 0.014148829 0.013227270 0.013447685 0.019081387 0.013356745 0.013362173 0.013277365 0.013615783 0.013120874 0.022185337
log-cadical ric3-simple_vardep_1 0.600413439 0.013099918 0.013536262 0.013580598 0.021454182 0.013162470 0.013312442 0.015553740 0.016014106 0.013095981 0.138520504 0.013099918 0.013536262 0.013580598 0.021454182 0.013162470 0.013312442 0.015553740 0.016014106 0.013095981 0.138520504 0.013099918 0.013536262 0.013580598 0.021454182 0.013162470 0.013312442 0.015553740 0.016014106 0.013095981 0.138520504
log-cadical ric3-stack-p2 1.274564037 0.026617587 0.022289939 0.049932547 0.369229915 0.019639433 0.015909533 0.022591635 0.026227448 0.050564146 0.125907656 0.026617587 0.022289939 0.049932547 0.369229915 0.019639433 0.015909533 0.022591635 0.026227448 0.050564146 0.125907656 0.026617587 0.022289939 0.049932547 0.369229915 0.019639433 0.015909533 0.022591635 0.026227448 0.050564146 0.125907656
log-cadical ric3-sw_ball2004_2 0.476381768 0.013445270 0.013316260 0.015265091 0.013264753 0.013053867 0.013176742 0.013276777 0.013560307 0.013603384 0.052070863 0.013445270 0.013316260 0.015265091 0.013264753 0.013053867 0.013176742 0.013276777 0.013560307 0.013603384 0.052070863 0.013445270 0.013316260 0.015265091 0.013264753 0.013053867 0.013176742 0.013276777 0.013560307 0.013603384 0.052070863
log-cadical ric3-token_ring.03.cil-2 2.487514127 0.013368045 0.013476454 0.025961671 0.229619652 0.013180637 0.013696908 0.014674725 0.013442885 0.021505113 1.746707781 0.013368045 0.013476454 0.025961671 0.229619652 0.013180637 0.013696908 0.014674725 0.013442885 0.021505113 1.746707781 0.013368045 0.013476454 0.025961671 0.229619652 0.013180637 0.013696908 0.014674725 0.013442885 0.021505113 1.746707781
log-cadical ric3-trex02-1 0.525357210 0.016104404 0.020250899 0.014634445 0.013451111 0.016251009 0.018379808 0.018229219 0.019981308 0.018229743 0.017889136 0.016104404 0.020250899 0.014634445 0.013451111 0.016251009 0.018379808 0.018229219 0.019981308 0.018229743 0.017889136 0.016104404 0.020250899 0.014634445 0.013451111 0.016251009 0.018379808 0.018229219 0.019981308 0.018229743 0.017889136
log-cadical ric3-VexRiscv-regch0-20-p1 77.883510293 0.134056373 0.027631705 0.150811462 0.216451494 0.245927722 0.268498464 0.299718953 0.380448444 0.403904521 74.609546267 0.134056373 0.027631705 0.150811462 0.216451494 0.245927722 0.268498464 0.299718953 0.380448444 0.403904521 74.609546267 0.134056373 0.027631705 0.150811462 0.216451494 0.245927722 0.268498464 0.299718953 0.380448444 0.403904521 74.609546267
log-cadical ric3-vgasim_imgfifo-p020 0.747533686 0.025286600 0.031638348 0.020467888 0.097713004 0.022991618 0.020205925 0.024901165 0.023924260 0.021885090 0.044628839 0.025286600 0.031638348 0.020467888 0.097713004 0.022991618 0.020205925 0.024901165 0.023924260 0.021885090 0.044628839 0.025286600 0.031638348 0.020467888 0.097713004 0.022991618 0.020205925 0.024901165 0.023924260 0.021885090 0.044628839
log-cadical ric3-vgasim_imgfifo-p040 1.248630170 0.021269950 0.120762183 0.063435118 0.305448145 0.073905125 0.081568616 0.017638406 0.029383511 0.020147590 0.043037522 0.021269950 0.120762183 0.063435118 0.305448145 0.073905125 0.081568616 0.017638406 0.029383511 0.020147590 0.043037522 0.021269950 0.120762183 0.063435118 0.305448145 0.073905125 0.081568616 0.017638406 0.029383511 0.020147590 0.043037522
log-cadical ric3-vgasim_imgfifo-p061 2.521129629 0.023317981 0.235100217 0.115728984 0.297157218 0.031799815 0.990716495 0.014315411 0.034278033 0.041729762 0.201728001 0.023317981 0.235100217 0.115728984 0.297157218 0.031799815 0.990716495 0.014315411 0.034278033 0.041729762 0.201728001 0.023317981 0.235100217 0.115728984 0.297157218 0.031799815 0.990716495 0.014315411 0.034278033 0.041729762 0.201728001
log-cadical ric3-yosyshq_appnote_123_cv32e40x-p019 45.185518354 0.767178941 1.203713732 1.222882071 28.004516055 0.492953452 0.019259984 0.642050854 0.453718153 1.026161946 7.649774884 0.767178941 1.203713732 1.222882071 28.004516055 0.492953452 0.019259984 0.642050854 0.453718153 1.026161946 7.649774884 0.767178941 1.203713732 1.222882071 28.004516055 0.492953452 0.019259984 0.642050854 0.453718153 1.026161946 7.649774884
log-cadical ric3-yosyshq_appnote_123_cv32e40x-p033 44.559090441 0.804357112 1.240560441 1.238557209 27.484342390 0.506264745 0.025499795 0.621440877 0.374703637 0.863724578 7.730136429 0.804357112 1.240560441 1.238557209 27.484342390 0.506264745 0.025499795 0.621440877 0.374703637 0.863724578 7.730136429 0.804357112 1.240560441 1.238557209 27.484342390 0.506264745 0.025499795 0.621440877 0.374703637 0.863724578 7.730136429
log-cadical ric3-yosyshq_appnote_123_cv32e40x-p128 34.080698310 0.727154776 1.227817857 1.146938333 18.505568385 0.482458338 0.013451766 0.608344229 0.371717795 0.821875079 6.310367895 0.727154776 1.227817857 1.146938333 18.505568385 0.482458338 0.013451766 0.608344229 0.371717795 0.821875079 6.310367895 0.727154776 1.227817857 1.146938333 18.505568385 0.482458338 0.013451766 0.608344229 0.371717795 0.821875079 6.310367895
log-cadical ric3-yosyshq_appnote_123_cv32e40x-p167 41.301302594 0.796699650 1.432110022 1.210275461 27.769583435 0.494676026 0.018691600 0.635996189 0.569119861 0.849987260 3.711718276 0.796699650 1.432110022 1.210275461 27.769583435 0.494676026 0.018691600 0.635996189 0.569119861 0.849987260 3.711718276 0.796699650 1.432110022 1.210275461 27.769583435 0.494676026 0.018691600 0.635996189 0.569119861 0.849987260 3.711718276
log-cadical ric3-yosyshq_appnote_123_cv32e40x-p187 38.889725954 0.755647993 1.367452062 1.192521083 21.388608458 0.537761205 0.198101131 0.656663778 0.407006502 0.952693768 7.262464328 0.755647993 1.367452062 1.192521083 21.388608458 0.537761205 0.198101131 0.656663778 0.407006502 0.952693768 7.262464328 0.755647993 1.367452062 1.192521083 21.388608458 0.537761205 0.198101131 0.656663778 0.407006502 0.952693768 7.262464328
log-cadical ric3-yosyshq_appnote_123_cv32e40x-p217 38.891351819 0.789872601 1.363907853 1.231089491 21.643420271 0.509829371 0.015822730 0.650565353 0.421029316 0.868550304 7.399663008 0.789872601 1.363907853 1.231089491 21.643420271 0.509829371 0.015822730 0.650565353 0.421029316 0.868550304 7.399663008 0.789872601 1.363907853 1.231089491 21.643420271 0.509829371 0.015822730 0.650565353 0.421029316 0.868550304 7.399663008
log-cadical ric3-yosyshq_appnote_123_cv32e40x-p220 31.324047923 0.728365973 1.220970511 1.164526581 18.569151349 0.496062669 0.014212508 0.610762576 0.365283560 0.831301347 3.498397212 0.728365973 1.220970511 1.164526581 18.569151349 0.496062669 0.014212508 0.610762576 0.365283560 0.831301347 3.498397212 0.728365973 1.220970511 1.164526581 18.569151349 0.496062669 0.014212508 0.610762576 0.365283560 0.831301347 3.498397212
log-cadical ric3-yosyshq_appnote_123_cv32e40x-p238 33.835162548 0.722349242 1.213226394 1.158707710 18.396394269 0.480649458 0.013759878 0.614347652 0.368877354 0.827467302 6.263447760 0.722349242 1.213226394 1.158707710 18.396394269 0.480649458 0.013759878 0.614347652 0.368877354 0.827467302 6.263447760 0.722349242 1.213226394 1.158707710 18.396394269 0.480649458 0.013759878 0.614347652 0.368877354 0.827467302 6.263447760
log-cadical ric3-yosyshq_appnote_123_cv32e40x-p250 31.297938985 0.730969162 1.235055477 1.146395815 19.178995351 0.506119312 0.013910037 0.625040522 0.422607837 0.848161624 2.826514354 0.730969162 1.235055477 1.146395815 19.178995351 0.506119312 0.013910037 0.625040522 0.422607837 0.848161624 2.826514354 0.730969162 1.235055477 1.146395815 19.178995351 0.506119312 0.013910037 0.625040522 0.422607837 0.848161624 2.826514354
log-cadical ric3-yosyshq_appnote_123_cv32e40x-p301 37.757462969 0.733510143 1.211361103 1.232384249 25.231523142 0.530208186 0.013521662 0.625460152 0.444985087 0.900738597 2.979431632 0.733510143 1.211361103 1.232384249 25.231523142 0.530208186 0.013521662 0.625460152 0.444985087 0.900738597 2.979431632 0.733510143 1.211361103 1.232384249 25.231523142 0.530208186 0.013521662 0.625460152 0.444985087 0.900738597 2.979431632
log-cadical ric3-yosyshq_appnote_123_cv32e40x-p315 40.646273932 0.734509663 1.212838737 1.329488094 24.953899098 0.486291219 0.031688863 0.607096648 0.502178875 0.949500460 6.180308091 0.734509663 1.212838737 1.329488094 24.953899098 0.486291219 0.031688863 0.607096648 0.502178875 0.949500460 6.180308091 0.734509663 1.212838737 1.329488094 24.953899098 0.486291219 0.031688863 0.607096648 0.502178875 0.949500460 6.180308091
log-cadical ric3-yosyshq_appnote_123_cv32e40x-p320 33.872333673 0.725305572 1.203942088 1.148843664 18.392927578 0.481439702 0.014395845 0.609492114 0.369242992 0.819275149 6.207427081 0.725305572 1.203942088 1.148843664 18.392927578 0.481439702 0.014395845 0.609492114 0.369242992 0.819275149 6.207427081 0.725305572 1.203942088 1.148843664 18.392927578 0.481439702 0.014395845 0.609492114 0.369242992 0.819275149 6.207427081
log-cadical ric3-yosyshq_appnote_123_cv32e40x-p334 40.211704053 0.752016198 1.274055686 1.205827530 27.635704368 0.498463833 0.013783133 0.669553921 0.415088694 0.913707411 2.970031603 0.752016198 1.274055686 1.205827530 27.635704368 0.498463833 0.013783133 0.669553921 0.415088694 0.913707411 2.970031603 0.752016198 1.274055686 1.205827530 27.635704368 0.498463833 0.013783133 0.669553921 0.415088694 0.913707411 2.970031603
log-cadical ric3-yosyshq_appnote_123_cv32e40x-p348 41.185708848 0.762303013 1.232280537 1.176738015 25.588922919 0.502169263 0.035937617 0.622016195 0.380249539 0.870188711 6.359419736 0.762303013 1.232280537 1.176738015 25.588922919 0.502169263 0.035937617 0.622016195 0.380249539 0.870188711 6.359419736 0.762303013 1.232280537 1.176738015 25.588922919 0.502169263 0.035937617 0.622016195 0.380249539 0.870188711 6.359419736
log-cadical ric3-yosyshq_appnote_123_cv32e40x-p355 43.217926734 0.757819043 1.271099134 1.243164198 26.832888132 0.506446431 0.022715825 0.640033374 0.380284815 0.926083566 6.715501304 0.757819043 1.271099134 1.243164198 26.832888132 0.506446431 0.022715825 0.640033374 0.380284815 0.926083566 6.715501304 0.757819043 1.271099134 1.243164198 26.832888132 0.506446431 0.022715825 0.640033374 0.380284815 0.926083566 6.715501304
log-cadical ric3-yosyshq_appnote_123_cv32e40x-p359 39.440979164 0.879668978 1.362218274 1.202537087 28.596897487 0.518730284 0.015560535 0.641461726 0.375444281 0.843463805 1.064838573 0.879668978 1.362218274 1.202537087 28.596897487 0.518730284 0.015560535 0.641461726 0.375444281 0.843463805 1.064838573 0.879668978 1.362218274 1.202537087 28.596897487 0.518730284 0.015560535 0.641461726 0.375444281 0.843463805 1.064838573
log-cadical ric3-yosyshq_appnote_123_cv32e40x-p363 40.163996481 0.762531415 1.279555275 1.238252088 24.321520951 0.498437506 0.013593597 0.630603911 0.394227353 0.963429838 6.152255097 0.762531415 1.279555275 1.238252088 24.321520951 0.498437506 0.013593597 0.630603911 0.394227353 0.963429838 6.152255097 0.762531415 1.279555275 1.238252088 24.321520951 0.498437506 0.013593597 0.630603911 0.394227353 0.963429838 6.152255097
log-cadical ric3-yosyshq_appnote_123_cv32e40x-p378 36.661351281 0.898438197 1.198408560 1.356483378 20.786316459 0.492520243 0.014893200 0.612497833 0.376657353 0.992733662 6.188926203 0.898438197 1.198408560 1.356483378 20.786316459 0.492520243 0.014893200 0.612497833 0.376657353 0.992733662 6.188926203 0.898438197 1.198408560 1.356483378 20.786316459 0.492520243 0.014893200 0.612497833 0.376657353 0.992733662 6.188926203
log-cadical ric3-yosyshq_appnote_123_cv32e40x-p388 50.653452912 1.941225619 3.584458241 1.302224825 17.589652056 1.473673224 0.189921253 0.759530658 0.416711943 0.953437506 17.711340181 1.941225619 3.584458241 1.302224825 17.589652056 1.473673224 0.189921253 0.759530658 0.416711943 0.953437506 17.711340181 1.941225619 3.584458241 1.302224825 17.589652056 1.473673224 0.189921253 0.759530658 0.416711943 0.953437506 17.711340181
log-cadical ric3-yosyshq_appnote_123_cv32e40x-p413 36.553416406 0.730248570 1.202143480 1.186585252 26.622478016 0.505611268 0.014000855 0.617154418 0.371324303 0.820694450 0.861482073 0.730248570 1.202143480 1.186585252 26.622478016 0.505611268 0.014000855 0.617154418 0.371324303 0.820694450 0.861482073 0.730248570 1.202143480 1.186585252 26.622478016 0.505611268 0.014000855 0.617154418 0.371324303 0.820694450 0.861482073
log-cadical ric3-yosyshq_appnote_123_cv32e40x-p463 43.629571936 0.741802620 1.254018963 1.204868901 26.537525732 0.513165452 0.014839266 0.624847602 0.437986111 0.869975274 7.611707600 0.741802620 1.254018963 1.204868901 26.537525732 0.513165452 0.014839266 0.624847602 0.437986111 0.869975274 7.611707600 0.741802620 1.254018963 1.204868901 26.537525732 0.513165452 0.014839266 0.624847602 0.437986111 0.869975274 7.611707600
log-cadical ric3-yosyshq_appnote_123_cv32e40x-p468 37.923364150 0.742184558 1.217336396 1.212431826 25.609121968 0.551915668 0.013516156 0.629400568 0.400589362 0.878526897 2.872455053 0.742184558 1.217336396 1.212431826 25.609121968 0.551915668 0.013516156 0.629400568 0.400589362 0.878526897 2.872455053 0.742184558 1.217336396 1.212431826 25.609121968 0.551915668 0.013516156 0.629400568 0.400589362 0.878526897 2.872455053
log-cadical ric3-yosyshq_appnote_123_cv32e40x-p478 44.435752305 0.813479020 1.279615214 1.264308137 27.070947710 0.493965035 0.014805332 0.642181251 0.388461218 0.858058142 7.748137110 0.813479020 1.279615214 1.264308137 27.070947710 0.493965035 0.014805332 0.642181251 0.388461218 0.858058142 7.748137110 0.813479020 1.279615214 1.264308137 27.070947710 0.493965035 0.014805332 0.642181251 0.388461218 0.858058142 7.748137110
log-cadical ric3-yosyshq_appnote_123_cv32e40x-p500 45.114519814 0.767700050 1.383898724 1.357380064 28.231692893 0.507591264 0.017273314 0.653361969 0.417740136 0.991428212 7.056269114 0.767700050 1.383898724 1.357380064 28.231692893 0.507591264 0.017273314 0.653361969 0.417740136 0.991428212 7.056269114 0.767700050 1.383898724 1.357380064 28.231692893 0.507591264 0.017273314 0.653361969 0.417740136 0.991428212 7.056269114
log-cadical ric3-yosyshq_appnote_123_cv32e40x-p502 46.048247644 0.757206751 1.409001217 1.293154391 29.029130755 0.521913414 0.045718966 0.696563858 0.450904416 0.846406132 7.050674400 0.757206751 1.409001217 1.293154391 29.029130755 0.521913414 0.045718966 0.696563858 0.450904416 0.846406132 7.050674400 0.757206751 1.409001217 1.293154391 29.029130755 0.521913414 0.045718966 0.696563858 0.450904416 0.846406132 7.050674400
log-cadical ric3-yosyshq_appnote_123_cv32e40x-p512 27.853001010 0.724618396 1.170535810 1.157936668 17.633205856 0.478710331 0.014278003 0.622552166 0.371640305 0.823327106 0.857736278 0.724618396 1.170535810 1.157936668 17.633205856 0.478710331 0.014278003 0.622552166 0.371640305 0.823327106 0.857736278 0.724618396 1.170535810 1.157936668 17.633205856 0.478710331 0.014278003 0.622552166 0.371640305 0.823327106 0.857736278
log-cadical ric3-yosyshq_appnote_123_cv32e40x-p514 47.766326119 0.807576582 1.292272177 1.310781031 29.681028733 0.517315589 0.035720477 0.634992698 0.386531824 0.916055683 8.314618655 0.807576582 1.292272177 1.310781031 29.681028733 0.517315589 0.035720477 0.634992698 0.386531824 0.916055683 8.314618655 0.807576582 1.292272177 1.310781031 29.681028733 0.517315589 0.035720477 0.634992698 0.386531824 0.916055683 8.314618655
log-cadical ric3-yosyshq_appnote_123_cv32e40x-p568 39.859334095 0.753441958 1.329672705 1.273991029 21.556329533 0.516196787 0.014755762 0.644048435 0.413912699 0.904082396 8.422646998 0.753441958 1.329672705 1.273991029 21.556329533 0.516196787 0.014755762 0.644048435 0.413912699 0.904082396 8.422646998 0.753441958 1.329672705 1.273991029 21.556329533 0.516196787 0.014755762 0.644048435 0.413912699 0.904082396 8.422646998
log-cadical ric3-yosyshq_appnote_123_cv32e40x-p573 44.904689866 0.770939185 1.312110275 1.268114676 28.023739344 0.498460371 0.015193011 0.662246374 0.411357384 0.893901422 7.213180252 0.770939185 1.312110275 1.268114676 28.023739344 0.498460371 0.015193011 0.662246374 0.411357384 0.893901422 7.213180252 0.770939185 1.312110275 1.268114676 28.023739344 0.498460371 0.015193011 0.662246374 0.411357384 0.893901422 7.213180252
log-cadical ric3-yosyshq_appnote_123_cv32e40x-p574 33.216594337 0.763190663 1.203996942 1.169169675 17.772197061 0.478624370 0.013372060 0.612093282 0.393238399 0.831712639 6.395927810 0.763190663 1.203996942 1.169169675 17.772197061 0.478624370 0.013372060 0.612093282 0.393238399 0.831712639 6.395927810 0.763190663 1.203996942 1.169169675 17.772197061 0.478624370 0.013372060 0.612093282 0.393238399 0.831712639 6.395927810
log-cadical ric3-yosyshq_appnote_123_cv32e40x-p584 44.494693157 0.733674871 1.303197523 1.189487294 27.016967582 0.527839962 0.166053248 0.641861672 0.464454236 0.847362905 7.753434785 0.733674871 1.303197523 1.189487294 27.016967582 0.527839962 0.166053248 0.641861672 0.464454236 0.847362905 7.753434785 0.733674871 1.303197523 1.189487294 27.016967582 0.527839962 0.166053248 0.641861672 0.464454236 0.847362905 7.753434785
log-cadical ric3-yosyshq_appnote_123_cv32e40x-p587 42.667486929 0.748036512 1.227338194 1.245505834 26.655134622 0.486313863 0.014517923 0.626380267 0.383480433 0.846172279 6.660466655 0.748036512 1.227338194 1.245505834 26.655134622 0.486313863 0.014517923 0.626380267 0.383480433 0.846172279 6.660466655 0.748036512 1.227338194 1.245505834 26.655134622 0.486313863 0.014517923 0.626380267 0.383480433 0.846172279 6.660466655
log-cadical ric3-yosyshq_appnote_123_cv32e40x-p592 47.651327353 0.825036144 1.828012879 3.873243305 21.153445075 2.286151727 0.216911392 0.668601712 0.443244946 0.865539752 11.106976134 0.825036144 1.828012879 3.873243305 21.153445075 2.286151727 0.216911392 0.668601712 0.443244946 0.865539752 11.106976134 0.825036144 1.828012879 3.873243305 21.153445075 2.286151727 0.216911392 0.668601712 0.443244946 0.865539752 11.106976134
log-cadical ric3-yosyshq_appnote_123_cv32e40x-p607 41.195936013 0.831008040 1.211130088 1.269454675 25.052363066 0.482269957 0.014236512 0.606188366 0.378925373 0.950914286 6.812458299 0.831008040 1.211130088 1.269454675 25.052363066 0.482269957 0.014236512 0.606188366 0.378925373 0.950914286 6.812458299 0.831008040 1.211130088 1.269454675 25.052363066 0.482269957 0.014236512 0.606188366 0.378925373 0.950914286 6.812458299
log-cadical ric3-yosyshq_appnote_123_cv32e40x-p610 42.762938776 0.771061257 1.192392254 1.162621631 27.072497775 0.482434045 0.013062675 0.618729968 0.377378151 0.856384147 6.618240392 0.771061257 1.192392254 1.162621631 27.072497775 0.482434045 0.013062675 0.618729968 0.377378151 0.856384147 6.618240392 0.771061257 1.192392254 1.162621631 27.072497775 0.482434045 0.013062675 0.618729968 0.377378151 0.856384147 6.618240392
log-cadical ric3-yosyshq_appnote_123_cv32e40x-p649 44.126751973 0.815619016 1.209290125 1.232790650 25.673933614 0.486539611 0.016636910 0.616458926 0.392592582 0.830508829 9.229951506 0.815619016 1.209290125 1.232790650 25.673933614 0.486539611 0.016636910 0.616458926 0.392592582 0.830508829 9.229951506 0.815619016 1.209290125 1.232790650 25.673933614 0.486539611 0.016636910 0.616458926 0.392592582 0.830508829 9.229951506
log-cadical ric3-yosyshq_appnote_123_cv32e40x-p658 44.963283690 0.751456632 1.304400624 1.198066229 28.269985405 0.497627064 0.014882128 0.637148200 0.393629239 0.858510773 7.055025145 0.751456632 1.304400624 1.198066229 28.269985405 0.497627064 0.014882128 0.637148200 0.393629239 0.858510773 7.055025145 0.751456632 1.304400624 1.198066229 28.269985405 0.497627064 0.014882128 0.637148200 0.393629239 0.858510773 7.055025145
log-cadical ric3-yosyshq_appnote_123_cv32e40x-p660 45.848500976 0.739582358 1.290567890 1.173715415 28.397408682 0.498135523 0.013755477 0.631136905 0.383728346 0.943746263 8.016391861 0.739582358 1.290567890 1.173715415 28.397408682 0.498135523 0.013755477 0.631136905 0.383728346 0.943746263 8.016391861 0.739582358 1.290567890 1.173715415 28.397408682 0.498135523 0.013755477 0.631136905 0.383728346 0.943746263 8.016391861
log-cadical ric3-yosyshq_appnote_123_cv32e40x-p665 35.395224612 0.739671055 1.226327320 1.332238058 19.615284116 0.528271469 0.014134493 0.622078797 0.383720576 0.828555336 6.304776224 0.739671055 1.226327320 1.332238058 19.615284116 0.528271469 0.014134493 0.622078797 0.383720576 0.828555336 6.304776224 0.739671055 1.226327320 1.332238058 19.615284116 0.528271469 0.014134493 0.622078797 0.383720576 0.828555336 6.304776224
log-cadical ric3-yosyshq_appnote_123_cv32e40x-p681 42.931848527 0.738821316 1.270494732 1.218940168 26.901244822 0.531771212 0.013622755 0.685495347 0.383638593 1.052041485 6.352439694 0.738821316 1.270494732 1.218940168 26.901244822 0.531771212 0.013622755 0.685495347 0.383638593 1.052041485 6.352439694 0.738821316 1.270494732 1.218940168 26.901244822 0.531771212 0.013622755 0.685495347 0.383638593 1.052041485 6.352439694
log-cadical ric3-yosyshq_appnote_123_cv32e40x-p683 28.296118736 0.762622203 1.209069127 1.286258263 17.967332916 0.500450751 0.017305699 0.652909865 0.463756412 0.871650381 0.859868242 0.762622203 1.209069127 1.286258263 17.967332916 0.500450751 0.017305699 0.652909865 0.463756412 0.871650381 0.859868242 0.762622203 1.209069127 1.286258263 17.967332916 0.500450751 0.017305699 0.652909865 0.463756412 0.871650381 0.859868242
log-cadical ric3-yosyshq_appnote_123_cv32e40x-p724 35.762849120 0.751228833 1.256968056 1.163524099 19.989736918 0.521516931 0.013971074 0.631634693 0.420792816 0.935754252 6.400861593 0.751228833 1.256968056 1.163524099 19.989736918 0.521516931 0.013971074 0.631634693 0.420792816 0.935754252 6.400861593 0.751228833 1.256968056 1.163524099 19.989736918 0.521516931 0.013971074 0.631634693 0.420792816 0.935754252 6.400861593
log-cadical ric3-yosyshq_appnote_123_cv32e40x-p745 42.642152648 0.860810880 1.263963270 1.240523060 26.849441807 0.498311493 0.022507388 0.613572089 0.368204245 0.849919066 6.255268810 0.860810880 1.263963270 1.240523060 26.849441807 0.498311493 0.022507388 0.613572089 0.368204245 0.849919066 6.255268810 0.860810880 1.263963270 1.240523060 26.849441807 0.498311493 0.022507388 0.613572089 0.368204245 0.849919066 6.255268810
log-cadical ric3-yosyshq_appnote_123_cv32e40x-p749 40.344509534 0.749454024 1.198821701 1.161678955 25.286719748 0.491734137 0.013952582 0.620422238 0.369729822 0.859098038 5.897620529 0.749454024 1.198821701 1.161678955 25.286719748 0.491734137 0.013952582 0.620422238 0.369729822 0.859098038 5.897620529 0.749454024 1.198821701 1.161678955 25.286719748 0.491734137 0.013952582 0.620422238 0.369729822 0.859098038 5.897620529
log-cadical ric3-yosyshq_appnote_123_veer_axi-p06 9.913975187 0.150948123 0.221508181 0.297070038 5.294035897 0.108581887 0.014018023 0.133543190 0.093030419 0.209495699 2.210886817 0.150948123 0.221508181 0.297070038 5.294035897 0.108581887 0.014018023 0.133543190 0.093030419 0.209495699 2.210886817 0.150948123 0.221508181 0.297070038 5.294035897 0.108581887 0.014018023 0.133543190 0.093030419 0.209495699 2.210886817
log-cadical ric3-yosyshq_appnote_123_veer_axi-p23 8.013426729 0.150717775 0.216028605 0.297876458 5.298703636 0.106747309 0.013385024 0.131099693 0.073541292 0.208444650 0.357175042 0.150717775 0.216028605 0.297876458 5.298703636 0.106747309 0.013385024 0.131099693 0.073541292 0.208444650 0.357175042 0.150717775 0.216028605 0.297876458 5.298703636 0.106747309 0.013385024 0.131099693 0.073541292 0.208444650 0.357175042
log-cadical ric3-yosyshq_appnote_123_veer_axi-p30 9.367496723 0.150385897 0.226493246 0.297995229 5.299985160 0.107877034 0.013637917 0.133133761 0.070712674 0.204913670 1.673916003 0.150385897 0.226493246 0.297995229 5.299985160 0.107877034 0.013637917 0.133133761 0.070712674 0.204913670 1.673916003 0.150385897 0.226493246 0.297995229 5.299985160 0.107877034 0.013637917 0.133133761 0.070712674 0.204913670 1.673916003
log-cadical ric3-yosyshq_appnote_123_veer_axi-p32 7.870540916 0.151657188 0.215652624 0.295508785 5.281084858 0.109137553 0.027800871 0.131351874 0.060999177 0.205461974 0.251442733 0.151657188 0.215652624 0.295508785 5.281084858 0.109137553 0.027800871 0.131351874 0.060999177 0.205461974 0.251442733 0.151657188 0.215652624 0.295508785 5.281084858 0.109137553 0.027800871 0.131351874 0.060999177 0.205461974 0.251442733
log-cadical ric3-yosyshq_appnote_123_veer-p15 7.749485595 0.144732538 0.212612227 0.292767831 5.200218255 0.112402496 0.026046618 0.125415251 0.060390070 0.199771479 0.247965585 0.144732538 0.212612227 0.292767831 5.200218255 0.112402496 0.026046618 0.125415251 0.060390070 0.199771479 0.247965585 0.144732538 0.212612227 0.292767831 5.200218255 0.112402496 0.026046618 0.125415251 0.060390070 0.199771479 0.247965585
log-cadical ric3-yosyshq_appnote_123_veer-p28 9.079202004 0.153600675 0.202392673 0.294422759 4.753586545 0.104305948 0.014526177 0.124128999 0.082590160 0.208737200 1.823516338 0.153600675 0.202392673 0.294422759 4.753586545 0.104305948 0.014526177 0.124128999 0.082590160 0.208737200 1.823516338 0.153600675 0.202392673 0.294422759 4.753586545 0.104305948 0.014526177 0.124128999 0.082590160 0.208737200 1.823516338
log-cadical ric3-zipcpu-busdelay-p09 0.477595850 0.013464089 0.013629029 0.017731521 0.033500542 0.013452328 0.013529584 0.013684849 0.013466382 0.015127168 0.013697862 0.013464089 0.013629029 0.017731521 0.033500542 0.013452328 0.013529584 0.013684849 0.013466382 0.015127168 0.013697862 0.013464089 0.013629029 0.017731521 0.033500542 0.013452328 0.013529584 0.013684849 0.013466382 0.015127168 0.013697862
log-cadical ric3-zipcpu-busdelay-p10 0.699955250 0.018013415 0.120814053 0.014256675 0.033607190 0.044359488 0.020013148 0.013184688 0.013253771 0.013756812 0.037214334 0.018013415 0.120814053 0.014256675 0.033607190 0.044359488 0.020013148 0.013184688 0.013253771 0.013756812 0.037214334 0.018013415 0.120814053 0.014256675 0.033607190 0.044359488 0.020013148 0.013184688 0.013253771 0.013756812 0.037214334
log-cadical ric3-zipcpu-zipmmu-p12 0.906817448 0.016664883 0.016603214 0.041293548 0.076537302 0.022987516 0.017056168 0.020829511 0.020732769 0.021026100 0.288221490 0.016664883 0.016603214 0.041293548 0.076537302 0.022987516 0.017056168 0.020829511 0.020732769 0.021026100 0.288221490 0.016664883 0.016603214 0.041293548 0.076537302 0.022987516 0.017056168 0.020829511 0.020732769 0.021026100 0.288221490
log-cadical ric3-zipcpu-zipmmu-p27 0.544646951 0.014007757 0.014607565 0.019958949 0.066163288 0.013803518 0.014041236 0.013582718 0.035787692 0.017415394 0.013601983 0.014007757 0.014607565 0.019958949 0.066163288 0.013803518 0.014041236 0.013582718 0.035787692 0.017415394 0.013601983 0.014007757 0.014607565 0.019958949 0.066163288 0.013803518 0.014041236 0.013582718 0.035787692 0.017415394 0.013601983
log-cadical ric3-zipcpu-zipmmu-p49 0.580524359 0.019800083 0.026458177 0.022054429 0.063633179 0.019475591 0.019369849 0.014511474 0.019189872 0.017078178 0.016394751 0.019800083 0.026458177 0.022054429 0.063633179 0.019475591 0.019369849 0.014511474 0.019189872 0.017078178 0.016394751 0.019800083 0.026458177 0.022054429 0.063633179 0.019475591 0.019369849 0.014511474 0.019189872 0.017078178 0.016394751
log-cadical ric3-zipversa_composecrc_prf-p12 6.390182392 0.040378496 0.282454591 0.388048666 0.132431692 0.167000231 0.082995561 0.451915908 0.252707633 0.157532801 0.977142612 0.040378496 0.282454591 0.388048666 0.132431692 0.167000231 0.082995561 0.451915908 0.252707633 0.157532801 0.977142612 0.040378496 0.282454591 0.388048666 0.132431692 0.167000231 0.082995561 0.451915908 0.252707633 0.157532801 0.977142612
log-cadical ric3-zonotope_2 1.291851260 0.013794053 0.013021698 0.029950619 0.302533135 0.013386426 0.013126080 0.013348851 0.013311919 0.020623910 0.480771145 0.013794053 0.013021698 0.029950619 0.302533135 0.013386426 0.013126080 0.013348851 0.013311919 0.020623910 0.480771145 0.013794053 0.013021698 0.029950619 0.302533135 0.013386426 0.013126080 0.013348851 0.013311919 0.020623910 0.480771145
